100
886445 0 1332
189251 250 364
441331 940 0
827802 1969 1451
617485 9792 10000
978502 -772 0
743322 5070 0
19535 140 0
1 3 3
3 0 0
995775 168 1036
364254 -783 71
17954 0 190
844559 -10000 10000
941656 -159 199
404551 900 0
311530 -660 128
781293 7467 6729
1000000 -1414 0
3 0 0
413587 38 870
454582 954 0
731443 1208 0
1000000 5002 0
780624 0 1250
229418 6216 0
44733 -2 272
19 -6 0
987101 9504 2168
1 0 0
6 -1 1
8 3 1
408733 39 4711
992084 1358 0
245172 9150 0
688661 4034 0
369894 10000 9068
577012 4826 2594
963607 -390 0
987446 0 248
464436 964 0
943048 -5064 0
35244 0 266
994167 618 0
748874 -1224 0
7140 119 1
565813 630 434
319601 800 0
433600 558 372
365872 -8978 0
139127 0 528
82200 60 344
972893 -1394 0
19 -4 2
1000000 -1006 0
6 -2 0
10584 0 146
1000000 1414 0
810821 120 1152
990601 1408 0
448073 202 156
29166 -2 240
5777 0 108
870231 -881 437
263467 2382 0
10 -3 1
998621 0 7066
21945 -205 5
826466 -946 340
590350 0 702
924629 0 2482
580499 448 628
6 0 2
683394 0 9100
983827 -10000 8186
683408 -1168 0
657679 -86 0
680968 1166 0
646764 -261 437
438806 10000 10000
752955 65 463
6 1 1
91447 -305 123
762818 0 7414
999214 -1032 0
973709 0 1396
25424 0 226
651718 -820 322
182049 0 108
713211 852 0
404551 900 0
998302 -1412 0
932108 -1203 161
344068 -574 256
290111 1980 9560
104854 142 316
991087 -417 433
883747 7706 0
15 0 4
431984 0 930
