100
2 0 2
5 0 4
20 4 2
12 0 0
20 2 0
17 0 0
18 -1 3
17 6 0
13 0 0
10 2 2
17 6 0
11 4 0
14 -2 0
19 1 3
1 2 0
20 -2 4
5 1521 8217
4 0 2
4 0 2
2 0 0
2 -2 0
14 3838 3844
11 -2 2
7 2 2
1 0 2
17 -2 2
16 2 0
10 -2 2
6 3 1
6 2 0
12 1 3
1 0 0
4 0 2
7 5611 2057
16 6 0
7 7432 0
6 -2 0
7 -2106 0
8 6864 8744
6 8104 0
2 -2 0
13 0 4
11 -4 0
12 1181 1317
1 -9232 0
6 0 2
4 0 2
18 0 9570
13 -4 0
1 0 0
5 -1 1
15 2 2
3 -1 1
4 1 1
19 2 0
14 2 2
20 0 156
7 4 0
18 6 0
1 -2 0
12 -4 0
5 1 1
17 601 7489
1 0 2
20 -2 2
19 0 0
15 0 4
5 0 2
15 0 9586
5 2 0
19 1637 1713
1 0 2
18 4 2
2 2 0
1 0 2
7 0 0
11 0 4
9 -3 1
16 -2 2
7 4 0
13 682 2472
9 7195 8629
9 -4 0
8 3 1
14 -1 3
9 0 2
6 4 0
20 -3 3
6 0 2
10 -6416 0
19 -2 2
1 9524 0
16 -2 2
11 0 0
11 -4 0
5 0 4
10 -2 0
11 0 0
18 -4 0
18 2 2
